2561
3220
-2634
4379
 -10
 741
-1398
2994
-3081
-1096
1692
-395
4785
-2400
4315
 210
-3759
-320
-798
3085
-2517
3132
2104
-885
-4974
-1042
1315
3190
-4241
-2610
2274
1696
-1763
-4309
-388
4252
-3416
-1159
-1050
 624
-3263
3475
3909
-2471
4085
-345
-1632
-368
4069
-3141
3315
-1781
1209
 -47
4352
-2820
-1890
 940
-713
-2495
3276
2072
-3767
4330
-161
-4311
 256
-1446
-1316
-1931
4885
-574
3650
2636
-2988
-4374
1022
2512
3040
 446
2090
4593
-3991
4525
-1101
4290
-2221
-4478
-4800
-4530
-1798
-3992
 860
4281
1899
2128
-1119
3656
-3688
4619
4710
-2538
-146
 673
 354
 660
1220
4812
1370
-1241
2400
3337
  95
  97
-622
-1108
-590
1956
-2501
-3607
-1123
-2166
4550
-4232
-4286
-2975
 -17
-2219
-4514
 659
-4540
-1702
4097
-232
2458
-2101
 538
2801
-4907
 740
-1645
-3135
-496
  28
4030
3342
-3974
 253
4442
-3499
-4328
4606
-2124
1794
3207
-4304
2892
 508
3118
4247
-1846
-4906
-327
3695
-3686
-4498
2622
2105
 141
1294
2940
-4792
-4198
 980
-4588
1180
4176
 850
-1972
4337
-4197
3147
2675
-640
4964
3156
3022
 604
3095
4819
 653
 371
 588
-1992
1675
1124
3157
2075
2376
1676
-105
1367
-4978
1430
-1624
-1711
3055
-2802
3388
1848
4036
3028
 893
-945
-3913
-319
2349
 968
2347
1753
-3187
3018
-2033
-1719
3724
-2291
  47
2564
-712
-1018
3322
4730
-2450
2651
1302
 977
2503
1791
-1409
-2399
-2740
-1012
2946
-1278
-3818
3747
-2507
-3867
-1532
 738
2494
-2420
-253
-1896
 814
-1912
-522
-1801
4927
3577
 962
4651
-3642
-2486
3528
-2354
-3449
2576
 810
3659
2032
3606
-771
3630
-2913
-1063
4232
-4238
3885
 689
 900
-3168
-4395
-3180
3470
1358
4037
1151
-456
 184
-3105
1045
2779
1875
-4836
-2045
-659
4053
 150
4965
 114
1613
-4830
3334
3704
-812
-164
3251
-1602
3535
2985
 787
2756
-2698
3062
-717
3474
3555
-837
 442
3447
1108
2830
 228
4307
-2480
 515
-4331
 472
 -97
-2604
3068
-3922
-4258
1756
-3618
 865
-2192
-1362
4040
4073
-4079
4344
2429
4198
-4592
3686
-3186
2136
-1177
-1772
-2443
-3539
-4518
-4196
-986
1494
-1073
3655
-4968
-3752
-377
-2482
-3206
4517
1087
3758
1095
1466
 792
3842
-2917
-746
2872
1356
-3311
1239
-2934
-3630
-1322
 364
-4326
-842
1057
4289
4772
3863
-4661
-2937
 644
-3931
2119
 752
-3663
4492
 952
-4068
-263
-4318
1926
-4523
  14
-528
-1773
2393
-2122
3857
-1082
3061
-1276
3613
-3598
 947
-3771
4236
-2265
-1455
-417
-3411
 315
-3388
-1865
-2867
-3522
-3695
 898
-3405
-3171
-1033
-2936
-1678
-2257
-3060
3103
1853
-1109
1093
3059
-352
2909
4436
-2412
-1618
4981
1727
-427
4560
2959
-4182
-4254
-2311
2641
1536
  49
3835
4950
-2873
-1235
-3071
-1710
4219
-2020
-2512
-276
-2011
-876
2177
 632
-3816
-1815
-3090
-1776
3093
1383
-2365
-3396
1949
-4351
2469
-2478
-429
 892
-3250
 950
-1834
3820
2396
  54
-3327
2454
-4122
-1795
-582
1928
-3714
-4491
-4086
-4776
-2136
1284
 731
-1955
3881
1535
3843
 281
2310
4136
3417
 881
2374
-4144
3937
4458
-2088
-3380
4454
-2567
1471
3398
-2097
-4685
-235
-3240
-1820
-223
-3951
2758
 450
-273
1735
-2387
2612
2221
-3436
4031
-163
2942
2303
 205
-3118
-4676
-1825
1856
3539
-3059
3554
3478
2155
-879
 -24
-1527
-1499
4892
-2758
1731
4086
-632
1766
-3986
 358
-3286
-530
-3699
-3266
-4826
4814
3984
-4188
 -35
1111
-2860
2329
4683
-3685
-844
2589
2743
1334
4836
-2964
-257
 438
-2320
1129
1321
-2241
 208
-2744
-2053
1914
-616
4557
2867
-1100
-4025
-4771
1184
3316
-509
1712
-2534
-1249
3170
4673
  17
2900
4022
  59
 118
-2779
1745
4518
2647
1946
-2232
3416
-2597
 534
3290
 461
-3507
3787
3658
-1893
-1932
-1392
3183
4220
1319
-3868
-2170
3375
4019
2181
4603
-1263
-2005
1146
4141
2220
-3794
3288
-980
 536
-3564
4855
2550
-129
-1546
-2709
-2039
2789
-929
-4431
3036
-4866
-3549
-1130
2135
  37
3347
1822
2687
-3052
4200
2627
-3479
 874
3713
 756
1153
2144
 -74
-2133
 811
2637
-2933
-440
-3659
3430
-679
4902
2865
-4695
-2916
-2550
-4162
2330
4572
-542
2538
-2064
4284
-2547
-4048
-621
-3093
2017
-1850
-2464
-414
2315
3684
3738
-3660
1375
2050
4982
4708
-354
-3550
4473
2140
-1204
3280
-4265
 926
-4483
-1498
1629
-3456
 529
-434
-3710
2197
-2753
1161
-2923
 324
-1654
 449
-3085
-2579
4482
-2077
2116
-2123
-1487
 222
-4294
-4664
-1041
4880
-3971
-2647
-765
-298
-1666
-4024
 181
-1515
2276
-1569
 429
4214
-4603
3833
 998
2320
4817
 629
-2322
4798
1465
-3216
 767
4128
-1264
1654
-1379
-779
1288
3202
2037
1717
-2403
2888
3420
-1172
2387
-4329
  86
1491
2366
-3954
-3467
-3723
-2848
4303
-4537
 351
1001
1864
1174
2552
4328
-1525
2133
2294
-508
-4557
-1076
 979
-4964
-326
3285
-3431
-1426
-2826
3567
-3984
3174
3114
3544
-4589
 477
-1921
 490
-2591
3998
-4510
1986
3826
-791
3801
2584
 736
1307
-3654
-3425
 -40
4895
3094
-2095
-3232
 664
2415
1041
2819
-4195
1940
-4601
-838
-1923
3772
-1214
3888
3012
3995
-3905
-3270
-4832
-1037
3794
 217
-4710
2085
3614
2639
 130
-4828
1633
3700
-1382
 914
3806
-2050
4131
4068
-1077
2661
2462
2866
  56
2910
4961
-983
-182
4806
-3366
-332
2728
-4394
 539
-768
1908
-4407
1716
-718
 663
4450
2854
2617
-3703
1852
-4415
-3515
4639
1219
1433
4261
4635
-933
4903
 758
-379
-3523
1308
2998
-3450
3115
 615
 974
2729
-4012
3760
-3246
 320
1225
3086
1525
4501
-2018
 883
-547
4211
2233
4360
2480
-462
-4763
2006
-3307
-565
3859
1918
3584
4004
3490
1388
3525
-2234
-4709
-2327
-2598
 -72
-998
2968
1223
3197
-4488
3538
-2631
3618
1951
1090
3121
-1488
-347
-1682
-4428
4823
-583
1091
4601
3275
-2515
3921
-918
4000
3060
-3255
-2056
  -9
-4016
 867
 459
 275
4115
-4617
-2654
 537
-2029
2300
-294
-4954
-2707
1100
3568
4920
-811
3482
-1937
-4742
2827
-1821
4249
-1610
-2894
-2309
-1840
2086
 764
-4147
4832
-2319
4158
 308
-3061
-1396
-2348
4095
-404
-1745
-1098
-1856
2608
-686
-4452
-3565
2536
-3858
3214
-4214
 270
 855
4488
-436
-2725
3366
-4324
-2008
3694
-4849
-2004
-941
1846
2999
4541
2590
2568
-2961
3233
3964
-3996
-399
3719
-687
3531
4702
-2773
 182
4824
-1452
4404
-4698
-2059
3124
2625
4187
1840
3831
-3962
-1239
-1471
3511
4267
-1668
-1874
-623
2202
-4223
1281
-2561
-3914
-1888
4266
4481
 447
-2336
 478
-4545
4861
1900
-1265
-1497
4283
 174
-411
4558
4915
-2866
 505
3025
-4014
-3713
-1519
4460
 277
-969
-4070
4108
2482
4018
1778
-1124
 161
 215
-3955
-2258
-4284
-3500
 428
-3148
  40
3850
3349
1679
4757
1481
-3728
-947
-302
1457
4989
3782
-277
4005
2248
-2042
 602
1164
 479
2270
1387
 642
3198
1595
-1217
3153
-2401
-136
-2728
3785
3736
-3244
-2825
1179
 843
-4439
2683
4960
-3665
-3852
2546
-2723
  22
 522
2156
-2084
2693
4425
-4894
 759
-1180
-4218
 -65
2316
1152
-4559
-3491
2851
2896
2326
4928
-2555
2371
1067
1428
-4812
-1165
-1135
-1936
1127
-2051
-4872
2091
-3272
1310
-4386
-4487
1623
-1274
3798
 984
3243
4274
2180
 844
-2368
2977
 935
-1325
2275
1874
-4951
1815
-1956
-3079
-4578
-3877
-2293
 481
-1288
2833
  -3
-351
-656
-3901
1158
3477
3923
-1503
2522
-3248
3628
-465
 -22
-2881
4050
-2500
-755
4953
-195
-3282
-1148
4021
2920
4815
   5
  76
3930
2719
1062
1863
 513
3889
-2577
 -61
-2795
4968
-3785
-666
 785
-261
4763
 711
2019
-2589
-821
-3179
-782
2597
 671
-536
3573
4847
-1171
-4207
-2793
-2338
2857
2002
-3110
-2948
-502
3332
-4838
3139
-907
4269
 158
 372
-1327
-2862
3975
-1605
 948
4272
-1152
-2196
3075
-2423
 274
4246
 540
 567
1844
 250
-3477
1484
 651
-214
-2676
-1540
-4377
-2588
-4489
-4221
3717
3907
-413
4743
-3109
-2099
-3850
1554
4883
4629
3397
1765
 953
4838
-3376
-3489
2500
-4126
4452
2496
1785
-1575
2735
1858
-3898
1299
-2359
-722
-2373
-817
-3987
3922
-4684
-2932
-609
3932
4931
2847
-309
4373
4660
 259
-3678
-4075
-3113
 178
 699
1309
-2605
4387
-831
-3680
-3601
3445
-1213
 754
-4257
3750
-312
2405
-4785
-4399
2472
4298
 485
-4496
4475
 297
1703
-667
-4704
 101
-4031
 480
-1664
 396
4782
-4052
-2542
-2659
-2231
1343
-3536
  67
4848
-2909
-2154
1323
-1979
 836
-2640
-2298
1744
 598
-4506
-3512
2284
 139
-1882
-4543
2348
-1097
-1127
-2504
4940
-490
-2418
-4293
 945
-4636
2599
1646
-3805
1136
-564
-3765
2369
1663
1990
-2442
 996
-3084
3449
 594
3945
2417
-1675
3705
 123
-3192
3231
 422
3807
4225
3730
-281
4884
 140
-4141
-2106
3368
2726
4133
-1111
  45
1103
-4091
 362
3369
4610
-735
2511
-1113
 468
 927
-732
 385
2455
-4566
1050
1540
3673
-4879
-781
3647
 133
-4380
-1218
4844
2095
-4708
-3334
1578
3766
 -71
1538
-3535
-1587
-810
1773
-1854
2736
4590
-4999
-3441
2823
-4419
-4913
3689
-236
-4789
3553
-3112
2553
-1087
-3968
 878
-2929
-3401
 409
3763
-2752
-4672
-3230
3728
 165
4955
-291
-389
-4032
-555
-336
-1999
-3735
-138
-548
 905
-2485
-488
2256
-1574
 -89
-3065
-4384
3533
-4953
-2528
-3584
-1983
 323
1379
-1201
-408
3188
 336
1200
-4721
2409
1640
-3026
2398
4618
4692
-451
-4009
3873
-3421
-4085
-2200
-128
-315
-4815
1649
-4644
-2951
-1482
-3476
4767
3224
1532
-2222
2034
1987
-1236
-1205
4464
2532
4455
-4204
-3226
2679
-1572
-3661
-4495
-2201
 465
-2536
  44
-1621
3454
3401
2845
1876
-4663
3742
-3908
2983
2117
2448
3083
3987
2614
-3941
-153
-2003
-3597
-809
2986
2834
-2060
-4804
2784
 579
2228
2307
4029
-4754
1551
 899
-4298
-1009
1955
 931
3735
2967
-588
 213
3590
4362
1944
-935
2610
4578
-2857
-1445
 363
4781
3487
-1582
-1162
-4139
-3793
1904
4421
-4646
-1320
-121
2013
-2049
2483
-4370
-4803
3303
-3070
-4088
-3344
3238
-1191
-1928
1725
3048
-2164
3752
-3064
1632
1792
-2378
-2157
-4753
2859
 700
-4076
1793
-3840
-1185
4956
1451
3834
2342
3734
3520
1159
2157
2832
 -49
-442
-1004
3458
3786
2611
-3484
-2678
-882
 638
4620
2800
-4464
3784
3957
3862
1339
-3469
2325
-3472
2517
2435
2182
-3335
 724
-1743
-2380
1117
-2635
-3610
2808
-106
3610
2635
 419
-799
-1208
-1134
-3269
4146
 452
-2273
-2649
-4148
3319
-2455
2818
-1468
-2531
-3734
3502
-3461
3234
3611
3986
2399
-4620
3861
 469
4521
-2759
1185
  72
2007
3712
2123
-2702
3330
-124
-3104
 557
-4905
-2473
1167
-3897
4074
2934
 369
3638
-188
-1251
 -51
-716
2088
 636
3993
-1489
1329
3120
-546
-2382
 730
-839
-1838
1559
 862
2714
4529
-2618
4977
-4381
4803
 990
2451
4808
3102
-289
-1824
-1812
2107
1750
-3458
1889
4534
-3547
3877
-1871
2969
-864
-1887
-1641
4300
1808
3281
-380
-3482
4818
1434
-290
-3091
-2177
-1237
3084
-1620
4448
-2083
-2427
1064
2645
2200
-2806
3670
 771
-3204
4180
4641
-4213
-3979
-2541
1577
-789
-1421
 401
 254
3289
-4516
4794
-2147
-883
-2523
1637
-250
-2558
4877
4474
-749
4001
 808
-4099
1992
4547
2190
-1407
 134
-107
3519
-132
 552
-862
2022
2917
-3932
-3177
3435
-1032
 384
 658
4084
 -54
2000
-4477
-1450
2772
2169
1469
-1306
1214
-2721
-1669
-2593
-4083
-3002
-373
4077
2894
 791
1406
1954
 242
 486
-2061
3886
-4825
1290
3514
-1728
1104
-1297
-4427
1998
 382
-1187
-1670
2815
-3415
4845
2707
2724
-2377
-1940
 365
4033
-2296
4122
2891
-4227
 102
-3004
2302
  25
-1259
 634
 -93
4869
-2833
2449
-1653
-4618
-3633
2523
-406
-2282
 288
-4542
 708
2364
4728
 343
-585
1198
-1841
1317
-2169
-1361
4925
1313
 189
3672
-800
-325
3955
1800
 -41
-2708
-4490
2216
1642
1605
-714
3016
4114
-2253
4511
-1813
4580
 709
4555
1032
4835
4822
4480
-4236
2039
-2575
1587
3145
-2761
-3259
3088
4385
2059
4444
-348
-4848
-1545
-149
-3916
-4702
-796
3597
-4414
 569
 911
-4869
-4348
-2268
-568
3295
3996
4901
2092
-4747
-3014
-4597
-2835
 117
3627
3494
3883
4193
2485
-3900
4932
-4627
 -77
-4810
-1707
2720
-2349
-1138
1454
-357
-1615
-3616
 278
4107
-3753
-4696
-3134
-661
-2830
 553
-4219
-3098
-1438
 735
 954
-1166
3789
1867
-1081
-222
-803
2467
   1
2930
   8
 543
4248
1668
-2494
-931
-2912
-3288
1301
3908
2778
  33
2685
-1055
-2673
-2449
-3541
-4440
 525
-1161
-2599
 625
1542
  32
-3027
1327
-2957
4999
-1023
  52
-1780
-4573
4784
-1906
1446
1627
-4379
3122
-307
2474
4677
 -91
 542
 427
-1104
-3281
-3789
2263
-607
-1103
1371
-2513
3749
4679
-2069
-1019
4113
2677
3159
-3882
4327
2093
4072
-4521
4941
-3451
2168
1611
 223
-3641
-951
-192
-4299
1589
3081
3459
 978
-2137
-369
-893
3078
-2318
-1315
 812
3793
-2472
-3924
-2229
-1722
-384
-3666
4026
-4346
1976
-899
1126
-2044
1110
1545
-4359
-4055
-2466
2493
-646
3400
-1898
2293
-147
1000
-1244
-896
-2748
-3629
-3213
-1502
-1174
4984
-2718
-452
-2159
-3161
-1982
3005
-2381
 484
3951
-4962
-4808
4573
-1528
3603
-4576
-972
-3975
3895
4194
 753
 342
2223
-1011
3141
 837
1187
-2754
 -13
-230
3718
4632
2604
2734
-4579
-3774
-2914
3913
2486
2941
 833
-1140
4120
-4614
2572
-2156
-4563
-2621
-1197
3258
-1298
3769
-4481
-4547
4277
-1040
4024
-494
-3944
2515
3327
-1352
-4387
 923
-4202
-4798
2548
-1006
-4334
 527
3228
-4761
-3422
3982
4123
3064
2505
-3623
 661
-1880
3817
1527
-516
-1301
-2576
-1046
-1665
-2611
3517
-4858
2089
-3690
4358
3622
4631
-3645
4039
4294
1054
 375
-2100
3942
2763
2295
-4653
 307
2420
2193
-3591
3098
-532
3150
-499
2658
-2792
4922
-2722
3223
1560
2024
-4529
4308
-4600
-747
1659
2438
-1335
-3341
-2836
2219
-430
 829
-4369
-4958
-3859
-2846
3484
2628
3683
2395
-3697
1216
-4186
2358
-203
3009
-4933
1140
1441
-4259
-1216
2741
1134
2787
2551
1866
2504
1521
-2980
2318
 456
 289
-1757
2060
1296
 728
2882
1661
-1596
3108
3596
-2456
4217
-3305
2943
 603
3997
-1911
3395
3495
-625
 283
-816
2479
2414
1694
-4658
4721
3954
-2155
-1611
-306
-4948
-2850
1385
2211
4109
-1797
-4919
1966
3516
3136
3952
-2324
3158
3326
1547
-2816
4130
-4290
4778
-1449
 762
3827
1262
-4883
1364
-2692
1651
-3392
-2329
-2067
-3077
3755
2362
3031
-1551
-3803
-2798
3254
 633
-3694
3351
-3705
4378
-4955
4519
-913
 869
-1047
4857
1700
 -48
-819
3267
 276
-2435
-2024
-1336
1912
4958
-256
-4264
-1510
4914
-2131
  84
4985
1562
3692
-181
 453
4428
1283
-3427
2103
-777
 805
 993
2748
-2452
-2668
3481
-463
-3279
4793
4753
-4193
3171
-4382
-1975
-2852
1921
-1744
-2602
1409
2045
1835
-1266
-2871
1774
4937
 928
4569
1543
-3863
1754
3571
1645
4476
4156
3818
-4692
-1533
 813
-1253
4747
-1014
 185
3111
 489
-4520
-1286
-158
-3961
-280
-3851
4946
1137
-3743
4292
2932
4432
-3876
-4105
1678
-1905
-2521
-4067
-1565
4549
4262
1357
-2705
-4155
-832
-3443
-3733
1141
2236
3311
-113
1796
4426
3026
-2175
-4802
1273
-180
-1647
-3403
3662
3003
-3121
1336
-1560
 258
 596
3152
-2340
4768
-2046
-1151
4544
2544
-1978
 747
-3234
2306
-3143
1533
-1170
2731
1941
4751
 104
4996
-3792
4774
-4558
1115
-1946
4356
2384
3623
3721
3208
-889
-1280
2137
2912
3869
-1232
-1060
1937
2246
-3283
3599
-1221
2172
-1577
-311
-3036
-262
3298
 554
4942
3849
-1169
-3131
 284
3570
 972
-2002
3961
-1328
2874
-2012
1931
 142
-3559
4502
-3745
-2989
-3395
3933
-1122
2807
1298
4945
3764
-2808
2760
1757
-4171
-4090
1614
-248
1480
-1102
-2225
-4461
-1792
4484
-3147
-2502
1271
3181
3744
-4630
 173
-4279
-2040
 420
-4118
-3497
3804
-2727
-2559
-4736
 589
3261
2394
2803
3732
 314
-3778
3178
3365
-3806
-4109
-3766
 620
3593
-2651
-4438
-227
 809
-4344
-2361
-115
 866
4594
-4536
-1460
-1617
4076
 159
-1120
4733
1188
1052
-2971
 760
-2270
-1579
-391
-3687
-4821
-936
-3170
4695
-2468
3536
-2239
 840
-1555
2831
2949
-288
4971
-4365
-4984
-3531
3540
4846
-772
3138
1205
2777
-1943
-4787
3956
4189
4013
3077
-3880
-3007
4101
-2411
-1003
1718
-3194
2852
-3399
3216
2064
-3755
-1870
-224
3515
4888
2163
2390
-407
-2195
-3313
1831
-2827
-268
-1360
2774
-4853
-237
3585
3270
1838
-2956
-1086
4567
-3276
1624
-3947
-4749
3333
-2637
 497
-271
 391
-1799
-3756
3839
-1909
-4500
-3973
4770
-4938
-2271
-2893
-3878
-1284
4469
1638
-1638
-2347
1330
-4593
3383
-3465
-3542
-242
-4806
3266
-2624
3808
-2048
-670
-2526
-4534
-4177
4576
-4976
-1885
-4660
-2967
 506
-2026
2356
 339
2271
-4843
-4779
-1417
-4493
1107
 381
4853
-3044
-2108
-1153
 763
1935
-272
4496
-4418
-3504
3006
-498
-4797
-2819
-3583
-615
-4950
4972
-438
3829
3451
2058
-1267
4588
-2364
-3053
4151
-1418
-2737
 766
1539
1769
4416
-3457
4669
-4561
1443
-4729
 939
4607
-595
-535
-4047
4791
-1484
 -68
2309
-482
-3393
 676
 407
-4629
-4017
1517
2402
3648
-4941
2278
-2939
-688
 701
3698
-2700
1332
1945
-4120
4882
-4130
-4928
1897
 623
2632
-4931
-1385
-1959
-3580
3919
1020
-1994
-1853
3110
 942
3339
-2551
4487
1483
4434
-1760
4149
-4455
-3475
-4166
-1501
-2432
-1307
-3304
-110
-4033
3302
-167
-4357
-1305
-172
2067
1328
-4367
-1692
-4022
-355
-4943
 349
-540
-409
3151
-3285
2052
 518
-4819
1046
4134
-2978
1896
3453
-487
-468
 243
4538
-2908
 681
-148
 -56
  90
3679
 329
-2310
-3993
-1231
-1353
-4134
-3418
-3324
-4839
2974
-3969
-4050
-932
3377
-3717
 433
3809
 722
-484
 443
 -66
 765
2963
1602
-1386
-2946
-254
-1254
1012
-2337
-1243
-4499
   6
3399
1809
-125
 -60
1895
3783
-4575
-3740
-3980
-2872
1269
-2316
4367
-3567
1034
-4993
2995
-2351
-2656
 666
1609
-3040
-1754
2165
-249
1662
4970
-3080
2745
1245
-4501
4498
1145
-2643
-683
-1408
 -45
-4283
-401
-3508
 473
-4762
-333
2518
-360
2676
-1580
-1412
1083
-4522
-2789
 -94
 171
-3099
-3203
-2670
4849
1415
-1233
 138
-4746
-4492
-2047
-4647
-2645
 831
4582
1228
-2741
-577
-2641
-2165
-1451
-2109
4451
-2167
-2949
1572
-788
 -62
-3667
-2945
-1190
3358
 910
-3364
 748
-3815
-2977
 652
 152
-4350
-4462
-4671
-3021
-2294
-3698
-4388
-433
-478
2929
-2142
-676
3260
-143
1194
-109
3149
-2720
2824
4301
3541
4380
1564
1435
2327
2160
3127
-3889
-1741
-2839
 -64
4551
1285
-2491
-3420
-3872
1475
-2572
-221
 169
4816
3262
-4338
-418
4826
-4725
-869
-740
1871
-317
4979
2343
3530
-1070
3660
-4768
-606
-1518
1368
 203
1878
-187
3154
1558
4347
1246
 961
2600
-3919
-982
1479
-4591
3928
2487
-480
1959
2838
4527
2914
1705
4589
-2590
2009
 720
-4220
-4673
4312
-2185
-3293
3966
-3673
 359
-1465
-4897
-3869
-3707
2547
1697
3274
 467
3278
-4519
-3001
-316
-3637
 458
-4154
4112
4957
3711
2063
1377
1544
-3888
4788
-4678
1058
-3095
1655
-596
3070
-840
2365
-166
4755
-1393
-4087
-4343
4052
3308
4082
3309
-4723
1603
 426
-639
-563
-3582
-1423
3506
-3273
3390
3226
1798
4250
3404
1915
-2487
-2262
-4335
-4011
-699
-1256
-3632
-168
3273
-108
-3839
4075
-4903
-930
-3235
-4713
 577
-1495
-4192
4088
4143
-2424
-1701
1795
 916
-3034
2304
 386
4083
-3502
 956
-549
4711
-2829
-1631
-328
1080
-792
-2093
3409
-1709
1988
  85
1628
-2438
3701
-4352
3331
-4046
-3648
4009
4253
-580
4371
-1562
-3820
-3958
-1973
-3138
3868
4422
3133
 783
 600
-1858
-3896
-866
-4400
-1061
3225
-3312
-4385
-1883
 511
-3684
3087
-4240
3637
-2256
-4108
-4574
-1443
-4612
-4313
2738
3620
3146
-1718
1487
-730
4643
-618
  94
1596
2218
-324
-3333
2953
4508
-1717
-3119
-4811
-1447
2525
1227
3929
-2993
1059
-1716
-4378
1009
4153
-1539
3821
 796
-4078
-1512
-4028
4227
1830
-2125
2459
-958
-1506
-2410
2251
-696
-1186
-2786
-2352
2973
4126
 466
-874
-3935
-1381
 816
4907
-1085
 853
-1260
4973
4094
-209
2585
4179
-1481
2615
-1646
-3015
-3055
1170
-1112
-846
1552
-3625
 715
2444
1232
4168
1270
1541
-3585
3665
-4302
3556
-2508
1530
-4805
-1554
-1228
4707
-2006
-962
-4443
-1589
 983
-3749
-4168
-1699
-1636
1776
-916
-3953
 148
-2287
-1747
 187
 778
1512
-1478
3187
-2638
-1556
4206
2710
-875
-4703
3969
-1833
4918
 346
-4409
-1371
-2149
2605
3361
-4444
1250
-4149
-2803
2297
-2630
-2323
2770
3412
-4226
-3510
2802
-1008
4935
-2583
-4172
4891
2927
-4875
1877
-4114
 583
1121
-4300
-4611
-2686
2606
-2691
1463
-3817
-4735
-1189
-3769
 723
-4565
1599
2471
1361
1887
-2522
-1759
-2275
3076
-1738
-902
2620
3802
-1299
1051
-3706
-3581
-824
-2344
-2685
3217
-534
-4039
4636
-4820
1907
4994
4016
-706
-364
4195
3255
-2782
2379
-4622
 718
2036
1884
-2982
-101
-2879
2843
-1606
-140
4897
3691
4263
-1448
4546
4265
  58
-1770
1069
1680
  21
-4512
-471
-4837
-2390
-628
-265
-4027
-2353
-3739
-2794
2280
3092
1130
-3748
4737
4649
1414
2154
4681
-2976
-2315
 350
2880
-3760
3566
4634
-1401
2794
1458
-2398
-4571
4078
4041
-813
-475
-1845
1658
-142
 884
-1877
3851
-4686
-3037
-1852
-4245
-2688
2881
4355
  -4
2097
4736
-1548
-1749
-4791
 896
2334
2796
-4420
   4
-1202
1699
 561
2557
3797
1401
3948
-202
-2694
2446
1346
-1656
-2888
-349
1326
-2168
2078
-4871
4647
-4741
3499
3437
4584
-1650
1419
-3796
-4253
2167
-4101
2691
-3891
1843
 460
3765
-1947
4138
1565
-4389
-1823
-1330
3210
 151
1760
3433
3117
-4862
-1453
-3048
4239
3469
2697
-4511
3753
-1962
1276
3112
2793
3422
-464
-1133
1869
4257
1618
-894
-331
-953
-4019
-174
-4957
2970
4658
-4315
-785
-4023
-1796
-2085
2312
 825
2926
-4476
-1859
-4469
3633
-3938
2388
-2639
3870
-1367
1421
2279
-1167
 299
-1886
-2760
-4638
1461
-3038
-2458
-3781
1621
-2163
-1800
-2034
-3545
-4243
1771
1243
4579
4863
-3498
-1474
-2603
4470
4944
-162
3113
3355
-2869
1043
-4712
2305
-491
-4795
-4307
1916
2768
4887
1089
-374
-1873
-4026
4732
-601
-3133
4724
-658
3666
-4995
-974
-1116
-4503
1272
-856
-1816
2322
2713
3743
-2499
-1397
-3786
-208
3257
3602
-981
-2425
-3704
3184
-2711
2560
-2372
-3560
-1389
-4288
2757
 380
-367
4006
3271
 302
4697
-3719
-567
-4809
-2584
3471
-4467
-191
 103
-2325
-2461
4585
-3124
3286
-4146
-3254
2508
3221
-3937
2780
-2139
 966
1592
4406
-1115
2203
2175
-4446
 921
-2259
-4037
-3495
-757
-1015
3504
2411
-767
 113
2125
4744
3123
-2891
-3236
-4058
1647
-2771
 851
-123
1561
-2429
 726
2335
-2406
-1145
4218
3876
 707
 559
2737
-1996
-3471
2837
-2930
-2959
-4609
2008
2660
4595
-3612
1720
-3446
-2179
-423
-3086
3125
2937
 859
3167
-815
2120
1873
-1258
-957
-3241
-539
-3371
 236
4509
 -12
-1089
4505
-4759
3491
2643
1510
-671
2957
 -25
-1819
2351
3011
1429
3323
4287
-1750
-562
-2585
-3646
1784
-1950
2626
-2092
 -69
 316
1337
3576
 999
2556
-506
-340
-243
4167
1738
 404
-2648
-212
-103
-3554
-4666
-3463
-1300
-1277
-3647
2649
-3810
 338
-3884
1685
-3412
-4946
2541
4543
1859
-3849
3693
-2918
-2143
1489
-1444
-2629
-1355
  27
-2079
4363
-3227
3668
3507
-4314
-3158
4305
-4654
4472
-2746
-2843
3421
 153
4522
-4071
2001
-3332
 514
4850
-620
 319
-827
-3561
-3292
3350
 819
2041
2782
-1196
  50
2765
-278
 160
-2787
3619
-3397
3759
-4268
4291
-4403
1233
2407
2712
-3492
-992
-1625
-1229
3163
 957
 574
-2695
3819
4419
-4504
1206
-4349
  71
-1706
-1494
-3619
-3428
-2416
-1294
-2965
-3964
1553
1297
-2896
4207
1148
3500
 240
-586
-3925
-833
 -55
1968
1574
1314
3135
3569
-570
1473
-2687
-4051
-1769
-4007
-1704
-3779
-3362
2441
-1163
-4457
  11
3069
 630
4268
3284
-1634
-375
1880
1437
-2304
3803
1934
2142
-2697
1710
-3406
-3008
1972
-4640
-2715
4230
-2207
-1311
-1043
4099
-1544
-1227
-1988
1537
1813
-1598
3509
-3827
 260
-3634
-2058
 612
-4094
-2199
2753
 115
3561
-1431
-2574
1557
3166
-3967
4987
-398
-3330
1181
-3758
3043
-2193
4490
-4179
-2868
2413
3776
-2756
2021
-807
-4296
3034
-1223
3563
3702
-4705
-560
2566
1402
-3998
1008
-2300
1901
-2657
-397
-1117
-4887
2951
-4822
-3107
-4310
-486
-1439
-4786
2640
-4829
 374
-1767
-422
-154
3001
-848
-1508
-2901
-4397
-1663
4952
-4756
 669
 373
-1807
3741
-4316
3058
1777
-4325
-2842
2861
1733
 286
1508
2709
4530
-2198
 -19
-2288
2291
-3297
-4142
4528
-2484
-4242
1380
3661
  78
3641
2908
3344
1399
-2206
 -29
-1976
4654
-1436
-3770
4988
-1844
-3677
-2768
-454
3203
-1072
-4533
 227
-4470
-3750
-3452
-2343
-3571
1039
-1139
-4580
1106
-1942
-102
-533
-1000
1708
-470
1683
4224
-3343
-2619
-2828
3461
3033
-854
2987
1254
 834
2554
-2609
1883
 903
4909
4947
2988
-1509
1132
-760
2527
-3639
2285
-977
-2441
-4305
3632
-4292
-1568
-1349
-2414
2074
1550
-3747
2082
-4165
-1661
 592
-2460
2208
-4739
-2906
-3799
-2151
-4900
4435
 312
3212
-1193
1958
-1734
1604
-220
1782
1514
-2306
-2885
 424
2201
-2674
-4392
-3120
-2814
2392
2431
-2998
4908
-2183
-4145
-1945
4063
-228
4286
-3069
-1944
-171
-1635
1817
2139
-503
3418
2354
-152
1933
3247
-118
-3464
 -33
-597
4777
-4569
3465
-960
-1594
-742
-3072
-3514
 -67
3287
2359
-3164
-1143
1098
1226
-2386
3345
-323
4698
-3326
-4799
-3258
-3777
2897
-1035
3105
4672
-847
 804
1714
1803
 641
 107
-3626
-1091
-4675
2848
4586
1426
-3812
 -23
3352
 991
-4319
-2213
-1387
2906
 820
-2874
1837
4264
3920
-1895
-2925
2840
 822
3411
-4690
 271
1079
2210
-255
 313
-2666
1669
-3846
-2274
 238
3419
4357
-2664
-724
4829
-2963
-1708
-635
-3229
-4159
-4621
-2479
3973
1862
 879
2430
2491
1004
 378
1827
-3349
-955
2020
 674
 162
1173
1073
-1194
4870
1168
-1847
-4878
  26
-822
 523
1801
-4376
-1025
3634
-4436
4326
  18
-3197
-1118
-1904
 555
 558
-3763
2192
-774
-3572
2740
1384
1581
 387
-2527
-787
-2260
-2764
-4170
4637
4468
4407
3960
 193
-3861
1763
-416
4875
3521
-1963
2260
3007
-2385
4734
1101
-446
-1731
-3911
4489
-165
-4972
2473
4402
-1968
-4554
-4152
3534
3335
3890
-4222
 220
-759
-1310
-1723
3497
2594
3492
-3586
-828
-4568
 -86
 483
3878
 370
  16
-994
-1039
-2606
 437
1922
 255
4617
-3788
1719
4894
4775
1639
2162
4843
-3505
4611
-3242
1893
-1752
-2612
-1910
3283
-1578
1509
-4208
2669
-573
-145
4132
-1644
-845
4049
-4267
-1637
3301
1217
2925
2259
1049
2206
 547
4674
2727
-826
2083
-3249
 590
-829
4807
-1302
-381
-3172
-3432
-3039
3548
1502
3589
4398
-2938
3452
-1200
-1374
2842
1855
1455
-415
-2220
-3181
-728
-662
1324
-1370
2695
1144
 247
4859
-3126
-1721
-3720
2759
-2492
-1105
-156
-1601
2465
-3744
-2379
2922
3795
-4077
1555
 322
-2214
-1793
-1333
1425
-905
-4191
-2719
2686
 333
3052
-4738
-1684
1138
-2549
-4095
-4935
 918
-4081
-4327
-2870
-2537
-4507
-4356
3925
1597
3126
-3569
-3696
1643
-2821
-584
 776
-2882
3824
-4229
 -46
3386
-2997
1416
 135
2582
-3257
2752
 655
2791
-4486
-1126
 647
2308
1478
-2089
-1021
-1476
2955
 739
 246
4118
 149
 -78
-2448
1438
-2305
-587
2111
-4043
2161
-4925
-238
3688
4465
-1357
-1044
 976
-2910
2324
4796
-4038
 421
-2799
3583
1084
-4886
-1724
-959
3264
1424
-4851
-3994
-3800
-1648
-1065
-645
1289
4155
2385
3160
3039
 454
 462
-1292
2984
-3822
1318
3109
1019
 727
2341
   9
-4362
3858
-2266
-2627
-1951
-2248
-363
2810
-523
 564
4913
-4363
-4719
4787
-3300
4917
2127
-233
3685
1390
 348
-1642
2976
-3787
-1774
2012
-3404
1566
2928
1847
4598
3609
 806
-4354
-3700
 -43
-3245
-710
 745
4433
-3156
-4194
-1696
-2877
 895
4384
3781
3137
-4959
4760
-264
-3193
-3122
2648
-3604
-3357
-4282
3385
-1030
 180
-3369
-3017
3974
2150
-2582
-3386
4235
-2247
-3920
1528
-694
1354
-4895
-975
1960
-1250
 619
-4132
-179
-4783
-1649
-2375
3746
1071
-4248
-921
-2254
2292
4991
1823
3830
2466
-4679
  63
1779
4520
2682
3370
2539
2826
 163
-2187
4178
-2546
2531
-1986
2461
3941
2535
 575
3498
-4583
4386
-3693
4623
-1022
2038
-985
-2864
4119
1938
-2892
-4161
2855
2997
-865
 266
3054
1053
4157
1490
 399
4485
-4904
-2878
 573
2798
 -63
-1219
1048
1255
-3132
3761
3201
-3615
-206
2595
-4667
4420
-4353
-624
1811
-3142
1548
3796
-1818
 211
4317
 848
3677
3175
-2984
-1790
4646
4048
 828
2397
-4985
-4263
-2392
3855
-3679
-3275
3682
-3650
-4322
-4127
-2755
 925
4124
-2476
-2036
 712
1092
-3795
4244
-1878
-4867
 732
4662
-3356
-2112
1431
1135
 136
-1099
-1199
 838
4104
1056
3173
 713
1885
-2148
4693
-3832
-1175
-1778
 265
3967
1351
3222
4012
-1537
1021
-2931
-2858
 397
 568
-4990
1997
 587
-3047
2885
4671
2477
-4585
-3317
-3773
-1808
4304
 -16
-2465
4163
-4274
 502
-3483
-1703
 798
 750
-4200
4042
4184
-2433
-3970
-515
-4333
-3360
-3299
3635
-4615
 654
-4691
-4774
3953
4059
4228
1472
-3385
-1338
-2098
-2514
2239
1805
4260
2533
4627
 716
4479
4408
-4412
-4718
1403
-1967
-1234
-834
2301
 692
-3175
 856
  36
-4744
-215
2023
2439
-3831
1119
-1388
 417
-4888
-1782
4413
-1735
4148
-3308
1787
-4745
 946
1834
-1585
1913
-1016
   2
2613
 788
3559
4545
2153
  15
-245
3697
1197
4172
-1777
-362
-3430
 282
3645
-1727
 188
4704
-2307
-4847
-626
-3097
4324
-2739
-914
-3656
1086
-3153
2065
-365
-3664
2499
-3930
 562
3380
-2457
-691
4299
-2357
-2927
2313
-2608
-3268
 960
-3347
 889
3067
3155
-1697
-177
3194
1996
2317
1600
1176
-3340
 698
-3537
-2726
2290
-4215
2903
1682
-937
2377
-2712
 -80
-968
-1725
1411
-4669
-3139
-1394
-860
-1529
4203
-2405
-3056
-3363
-556
3811
4762
4185
-3353
1664
3840
2526
3837
 108
-2031
-2595
-1059
2339
3550
1524
-738
-1373
4575
-1742
-2417
2350
-1178
4644
1211
2875
1229
-4891
4653
2702
-2243
2287
1013
2049
-329
 607
-4119
-2810
-1442
-3382
-1024
4856
3180
4181
 376
-3372
4516
-2743
-734
-2684
1081
-4306
-2194
-1057
3631
-4206
3232
 341
2296
-4915
-1571
2468
-4973
-4942
-3772
-3066
-4854
-2075
-2732
-1337
1331
3324
-3836
4889
-3046
-3608
-3082
4483
1665
-858
 198
4091
4959
2186
-988
4656
-1517
-3501
2975
-1376
-2210
-4339
3162
-4743
  62
-139
-4532
2115
-2205
1417
-966
-4898
-2804
-3842
2598
 295
-4634
2101
 605
2775
4295
-3509
1253
1681
3768
4495
-1616
 353
-3149
3307
1407
3338
-1342
-4539
-1927
 801
  64
-3603
-579
-726
2378
-3438
-4773
-4870
-2286
3810
-4989
-4372
-141
-1908
-402
-2880
4043
-3374
3466
-1052
-1690
2841
-880
-1639
-1045
 696
3367
 345
3543
-3609
-2132
-2240
2646
4331
 924
-1295
-3577
4951
3008
-3960
3676
 570
-4471
1260
 627
-2267
2353
 168
-2130
-2992
3894
4334
1952
-2404
4596
2933
 648
 179
-251
3479
2031
-1563
 891
 200
-2402
4325
-1429
-3875
-2246
-2235
3041
4715
-3574
-2269
2750
-500
1601
 769
 847
-665
-642
 412
-2533
-3683
-366
2813
-2212
4017
-2303
 626
-420
2138
1304
1259
-613
-3146
1204
4640
-1794
4612
 175
-2587
-669
-3887
-2110
-4633
-1378
-211
-1966
-3439
-2838
3527
-3921
-1479
3104
-2973
2040
4872
-2849
4340
1230
-1467
4351
1316
-4128
-756
4280
 -79
-4909
2053
1440
-4164
-1524
-605
-1329
4354
1392
-3721
3836
-2970
-3129
-3904
 967
-1900
-3115
2470
4237
-967
-559
 464
3241
3442
-1938
-3575
  83
2868
-1584
-1347
3990
-3028
-1926
4696
-1934
-1053
-2493
2419
3014
 714
1267
-229
2537
4336
4008
-1224
3410
 105
-3319
2427
  92
-1843
4139
2805
-1485
-3725
4311
-922
-3210
4703
-4117
-2724
2188
3882
1160
1077
3823
-2543
 122
2853
 249
-3426
3483
3562
2352
1266
-4599
2131
-870
2148
-2573
-2371
-2511
3503
-1136
1396
3072
2776
-954
-3602
1264
1143
-4169
1706
-2016
3780
-4857
2254
 679
-1680
3777
-4911
-477
 932
-1633
-3074
4374
-246
-2191
-1990
 327
4729
-2859
4310
2678
4457
-2614
-1314
-2757
4161
1713
-1206
2016
-890
2592
3455
-3936
 390
-1530
3279
 888
-3473
1017
-3886
-4694
-3320
2261
4718
4801
 826
-3544
-3041
 981
-1861
 618
-4336
-690
4183
4790
-1802
2844
4926
4655
 519
-4358
3382
1828
 434
 613
-1346
4851
-3528
 868
-1179
3745
3205
-619
-3009
-4555
-2875
-3627
-745
-1156
4409
-2189
1116
-428
4962
3089
1201
-4465
 410
3312
2761
4102
-1402
3604
-4234
2170
 -34
3090
-4053
-131
4066
 -81
3774
3770
-1919
-4466
2391
-3982
4566
-3384
-194
2189
-4564
1462
3379
4365
-2540
-825
 445
-2704
 551
-2979
4306
1991
 917
1196
-4256
-1031
-2339
-2237
3649
2298
1005
-396
3748
1342
2788
2331
-4251
2096
-1531
-4652
-2745
3854
2110
-3724
4699
4014
-4975
3493
-1432
2502
-2073
1242
4186
-655
-2000
-3089
3079
-1981
2044
2283
-3247
-3718
2194
-4454
3116
-4778
3443
3204
3165
3396
4562
-1730
-2778
 436
-995
1686
 563
-3885
1376
2421
-2238
-944
-3929
-3302
-2070
-4181
 532
3522
4070
3740
-657
-3814
-1405
-3977
-1779
-3826
4765
-4716
-4635
 703
-3824
3958
1386
 145
-4107
-3579
-4080
-2837
-2055
 498
-1107
 668
4245
-3670
-2251
3354
-2421
2173
-3073
 773
 355
-170
3408
 455
-2408
-3019
-4320
-2113
-1679
3027
-1961
-3890
-2994
-2690
1905
4858
-3611
-2884
-1078
4904
 124
1024
-3589
-1114
2911
1583
4789
3845
1729
 310
3875
-915
4403
 -76
3230
1979
4456
-878
2982
4430
-1686
2514
2282
4372
2586
4923
-217
4809
-1027
-1351
-2391
-2211
-872
-850
-1827
-4006
4499
3822
3438
-2367
-2426
-304
-1399
-4020
1616
4780
-1462
-784
 -95
4553
-4456
2747
2319
-4979
1027
2567
-1828
-2693
3884
-1511
3017
4411
1891
-538
1234
 530
-481
-3934
-3784
-370
-4073
2715
3472
4642
-849
4412
1751
4597
4840
4609
1567
1806
-2841
-4908
-3030
3636
2209
3336
-3638
4106
4273
4137
3887
3621
-1158
1169
-3207
4978
-2474
1576
-4089
3373
-861
-3518
-2158
-3965
-3692
4805
-2876
-1034
 535
-330
2062
 842
4323
-2081
-310
 639
-3218
4542
2732
 -44
2939
1650
3444
2272
2971
4038
-2369
 670
-1599
-3391
-1784
2870
-4390
1812
2879
 457
4427
-3315
3501
-1492
-682
-3199
2166
 693
-4093
-3010
 441
-4479
2035
-4437
1820
-1651
-4896
-260
3524
3880
-1901
-1583
-2087
 971
2237
-297
3972
1666
-1088
1894
-1093
1709
2323
-2578
-794
4735
-1677
-4932
1213
-4715
-4850
4552
4322
4285
-4724
-997
-4650
3101
 383
-3825
-1693
-4884
-2001
 988
-2317
-2009
 719
-3045
-1667
-4247
-3435
2252
-4317
4054
-1590
-2943
1575
3915
2121
4905
2122
-4567
-2628
-3174
-3022
-3573
-1980
 126
2492
-4393
-372
-3287
3828
1693
4862
-1739
-2969
-3558
-593
4089
2878
2416
-4541
 890
3977
-2152
  -6
4916
3542
-3594
-4961
-1657
3523
-286
-1464
1418
2368
2883
-1550
4604
3425
4739
 204
 269
-2082
4811
-1564
-1974
-550
-647
-2178
3733
2244
2094
-3658
-424
-4863
3229
2344
-3367
3899
-2014
 964
-1758
-2345
 894
4827
-1997
 524
1523
-1454
-1714
-4914
-3445
-3375
1690
1072
2696
1474
1781
4536
1839
1456
1236
-2134
3402
-4260
-1783
-3231
-1028
1948
4045
-295
2046
-269
-808
-514
-134
-1062
2616
1202
3788
1819
-3478
-4449
2069
-695
3594
1261
2299
1038
4057
-1977
-2236
2178
-3125
-3952
 774
-4947
-3530
-2181
-4371
4466
-3529
3450
-1705
-3437
2863
-1652
3245
-2701
-4833
1395
-4994
-2280
2751
-3029
2425
2506
1061
-531
  82
3994
-4417
-1339
1759
3663
3578
-836
4860
3393
-4587
1374
-1477
4296
4924
4738
-3152
-2328
-2646
  99
1268
 183
-3103
-1279
-2007
2267
-3127
3186
-1010
3248
2422
-2520
-1164
1850
 581
3032
  -8
1449
-3460
3946
2381
3065
 337
3513
-3252
4443
-1892
-2865
3050
1007
3971
-4401
-3410
-3419
1468
3565
-2972
-4775
-1907
-3486
-4425
-830
-472
-1835
-175
 127
-700
-2800
-511
-3188
2754
 248
2562
3981
-3731
3581
3671
-903
3392
-4450
1251
-1552
4446
-3322
-3058
-3672
2370
 309
-1619
2570
 621
1504
1199
2529
-2397
-984
-2831
1156
-2675
-3533
-361
-3902
2739
-2393
-2714
3866
 306
1114
-4042
-3050
3246
-4727
4174
-3434
4087
4125
-1514
4568
-1268
1588
1040
4335
-3088
-3390
-3253
 432
-2105
2858
3462
-4535
3800
-2160
1563
 755
-504
-3519
-2503
-2376
-3644
-3042
-4123
-3590
-2947
-3211
2730
-1941
 904
-643
-285
-4203
-1252
-2854
-4000
-4595
-1341
1962
4906
-3722
1980
2895
-1144
-1836
-4937
 293
-386
-231
-1051
1516
-1220
-3342
-3453
2781
-1628
-4106
2164
2361
-2791
2722
1439
-906
-189
-1863
 292
-1674
4279
2668
-2444
-133
2563
2066
3985
-4626
2445
-3166
-552
-4187
-3798
1391
-3433
3296
-4447
-4668
-387
3706
2372
1851
-4823
-1960
-4700
-2272
-3917
-3165
-3578
-4235
1860
-4550
-2299
-3651
4160
1807
 137
4841
4969
-996
-4239
-3163
-1007
-3354
-2467
-3140
-1764
-3424
-3883
-3454
 226
-198
-100
-3520
 164
-4912
2510
4297
1929
3588
-4855
2631
2856
-3841
4221
4686
-764
  77
-3078
4397
4864
-1331
 -57
-3809
-741
-3493
-1210
1573
 233
2432
-698
4064
-2557
 -73
-1242
-4934
4171
 368
-1576
-3346
 231
 657
-1698
1630
 645
 793
1939
3654
1836
 835
  51
2991
-2552
4278
3592
 -36
-868
1743
2549
-4003
-1924
3119
-1281
-3290
-183
2767
-507
4831
 487
 -92
-3169
 531
2653
1927
-1839
-4163
-1238
-3764
-2518
 194
-3209
3586
-4065
-2356
2099
4229
1994
-343
2195
-2245
-4924
-1691
3384
-483
-4682
-3068
 -32
-114
 235
-3301
3978
-1857
-2015
-3945
-240
-1935
1177
-908
1549
-1146
-1581
-2172
-3011
-116
1989
2513
1150
-4396
-4411
 919
3042
1300
-1593
-3668
-928
-672
1192
1635
4423
3300
-358
4216
4633
-1480
-193
-3023
2938
-736
-3899
2314
3624
1702
 128
2321
-378
-3776
-4340
2100
1799
4616
3911
-673
-3517
 517
 444
-3879
1293
2262
1412
-636
 872
 875
 944
-3155
1405
4313
2962
 546
-473
-3790
-4272
-2032
-346
2227
4177
-2607
2862
-3862
-604
1568
-3480
2588
 -42
-2030
-1410
-3261
-744
-1965
-2489
-2129
-1985
 951
-3400
 941
4051
4071
-3223
2817
-900
-3264
-545
3587
 257
2406
 512
-2439
-2022
4503
1404
-4645
-4061
 955
2667
1993
-2370
3299
3575
-3280
 199
-2080
-4688
4613
-1557
-459
3846
3476
2996
-2650
-2853
-901
4394
1275
2176
 751
-284
1513
 770
 392
-2074
-3516
-1160
1721
3423
-4373
1397
-305
1215
-783
1002
1957
 930
-2388
2755
 781
-1304
-653
1063
 414
 733
4055
4359
-185
-201
4381
1131
-4308
-797
 710
-4398
3357
-852
 131
-857
-4987
2690
-1461
3305
-4110
-814
-1643
3653
-4751
2423
-4922
1263
-1406
-1038
1995
2226
-1068
4212
2545
-1925
2231
-160
3464
-3485
-3298
3168
 849
-4199
-897
4100
4839
-2944
-2041
-4366
-608
1963
-184
4467
-602
-611
-200
2179
-4842
 280
3813
-2834
-1884
-4766
-1257
-702
4911
4429
-793
 186
4866
-641
-1269
2601
3209
-1538
4716
-2950
1241
2936
3505
-2613
-4084
  73
-1876
-4758
4900
-4237
-518
 191
3242
-173
-3468
4338
-2596
2042
4533
1224
-1830
 995
2124
1257
3463
-4405
4471
-1672
-3653
-895
2273
1519
1764
-4882
-1612
-650
1882
3195
2047
-4970
2205
4771
3023
3938
2232
-3702
2981
-3345
4028
-3708
-2076
-1275
-3328
-4015
 408
-1358
 675
1442
-4474
3004
4535
-4429
2057
-4402
3002
2907
2609
 688
2147
-909
-2847
-4706
  12
-1013
-1017
 120
 109
1950
2288
1612
1408
-390
-4100
2887
-3183
 221
3045
 737
3250
-3012
  93
-130
-3318
1501
-3200
3211
2771
3947
1722
3775
-952
-3368
4319
3591
 -26
-912
-4831
3910
3429
-2738
-218
-1787
1606
4720
-938
1322
 496
2918
1898
-410
-3689
4152
4565
-2952
-4004
-4364
-2190
3106
-1125
-1826
3405
-1384
-3387
2269
-4929
-1626
2901
1691
 504
-4173
-525
-2017
4700
 782
-949
-4726
1486
-3459
-3289
-3381
-127
4752
-1720
-920
 129
 982
-2028
 897
-578
-489
-4610
-1121
2806
4727
-1067
-1939
-2519
-4049
-467
3235
1872
2602
-259
-1490
 694
-1737
-4430
-1155
2328
-1547
-1486
3901
-1875
2619
4800
-2176
-1211
3537
-4453
-2902
-1958
-3946
-2488
3709
4342
-786
-3278
2187
 331
2839
 212
1636
-1712
-1282
3037
-3762
-3848
4494
-544
-841
-3843
-4930
-2186
1780
-3676
-2374
 943
  20
2118
-2216
-1131
-3470
-2252
-1463
-557
-2770
-3555
-2025
-804
-1313
 832
-3414
3762
 934
 614
-3606
-1092
-2713
4506
-151
3664
3865
-1913
4792
-1312
-925
1070
-4844
 704
1892
-405
3356
4871
2540
-3442
-392
2708
-2141
  31
3206
3073
4842
-3309
  13
-701
 209
1394
 687
1594
2534
4320
1128
4209
-270
2196
-2625
-3907
 821
-4841
4196
3549
3130
-3912
4948
3715
2184
3038
2404
-3051
3376
-3025
3359
1526
 300
2898
 241
-1323
1373
2481
 -30
-1914
 144
4111
-1192
-3033
-754
-4737
3532
1249
-2054
1311
1580
3424
1349
4463
4382
-4285
1910
-867
1821
4258
-631
2337
-432
  79
3512
 937
4396
 -18
-3972
-1761
-1141
2820
-4255
-2279
-4868
 871
 807
3381
3924
2654
2812
2079
-2103
-678
 244
 965
-1142
-677
 476
1488
 790
4062
-4531
-3726
2084
-1168
2825
-4570
1366
-2699
-853
-4605
-3352
-2672
-3233
3426
-4971
-1543
-715
 294
 272
4293
4188
-279
-4018
-2096
-4846
-4044
1422
2721
2876
-770
3773
1477
 863
1582
-4008
1667
4938
1748
 190
-234
-1079
-2818
-1558
-3506
-1069
 340
-917
-2710
 500
2704
-1592
-4918
  23
-4124
-313
 635
-1440
4096
-322
 352
3891
-3116
-719
-2735
-2150
2410
3436
-634
-4062
-2043
-4670
-1849
4614
-2363
3020
 584
2849
-1411
1295
4438
-460
2113
-4602
4376
4135
-1195
3340
-437
-2568
-979
1761
-1586
-2883
-766
-3833
-2174
1924
-727
1338
1909
3690
2571
-4683
-1058
-1413
 585
2989
2947
-2023
2145
-2308
-1607
4389
3265
1797
-1500
2457
4348
-4890
-210
3963
3902
4605
-2459
3389
-393
-3617
-4010
-965
2850
4162
1325
3949
-2384
-197
-2805
3406
-4432
4837
-637
 786
-3225
 622
  98
-4835
2433
1608
-4002
4391
4302
-4361
-627
-3314
1768
-3524
-383
-1987
-4901
3518
  41
-2935
-3006
1919
3598
3448
-4102
-1771
  38
1082
-3780
2146
 901
2596
-3943
-1203
4682
-4021
 475
2919
3415
-3819
  87
-2953
4599
 646
 526
3667
3293
-3959
 938
 572
4065
3983
3992
 267
4722
4759
1816
-4133
3722
-2899
3934
-3160
4046
-321
-2422
-2128
 839
3191
4339
-2284
3678
2265
4199
 -82
-4983
4723
 156
-4881
1556
3051
-801
1218
-4982
-2763
-1817
-258
 110
2108
-2660
2656
-4752
-2920
4255
2132
-3075
-1437
 986
 580
 725
-1806
-3997
 360
-3711
-4750
1240
2214
-1285
 683
-2985
 325
4414
-2926
-3860
 463
-3092
-2562
-3154
-3329
-3159
3063
-3640
-2897
2357
1964
2644
4240
-239
3176
4600
1732
-225
-2750
2924
3931
-4082
-3942
-1430
-2021
-762
2964
4652
4980
-1535
 -90
-1541
-3990
-3361
1097
-2451
-4734
 154
-1473
3608
-2571
-2671
3950
-3348
-1372
2684
3213
1888
 -85
-2250
1671
-3635
4709
 617
 224
-4153
-3202
3346
-1273
-1969
-2366
-1851
1585
 268
-4435
-2796
4986
2629
4749
-1110
-3570
-3782
-1020
-739
 335
3844
1687
1347
 -83
-3351
-2983
 797
2811
-4885
2902
-877
 -98
-4458
-3596
-1600
-1270
-3821
-3605
-4731
1620
2403
-3195
-3999
-2565
1291
1312
-1627
-2563
-1915
2338
-2895
-1837
3252
2694
-1879
 680
-4526
-4781
-4582
 237
1037
3056
-1553
-1359
 176
-648
-3854
-1377
2436
-4143
-2539
 304
-3291
4963
1035
4182
-3303
1652
2077
-4834
2266
2253
-292
4876
 111
 521
4166
 691
 -27
-244
3292
2804
2056
-4281
-664
-1881
3046
-2813
-3682
-3791
-1588
 321
1947
-2623
 225
3489
3013
 482
-4680
 528
-709
-3373
-2556
-1918
 -96
3936
  74
-3855
-859
-2483
3029
-3751
4983
 499
-3101
-1902
-449
-2173
3185
-970
1212
1625
2437
 846
1985
3057
-1811
-3783
2671
1499
-469
-3830
1495
-4701
3716
-1212
3391
 435
-1245
-4767
-3556
2185
 296
1006
-942
-267
2931
1772
2475
-2890
1943
-2326
-3208
2618
-4121
2264
-104
2716
-3018
3432
2215
2797
3703
3642
-1334
-3674
1372
 734
-301
1615
1113
2199
-2904
2742
-3775
-2922
3297
-4266
3259
-2295
-3736
-3588
-4383
1584
4453
2249
 777
-873
1804
4873
1569
-3543
-3837
2657
2011
-2762
1036
 858
-2126
3896
4688
-3076
4934
-1604
-2600
 330
4441
4769
3363
3434
2543
 606
 959
1482
4881
-4112
-3976
4445
-723
3371
-3636
-689
-1291
1193
-213
 206
-4183
-1755
-2228
3579
1740
3403
3871
-2797
-3988
2447
 909
-4433
-2462
1723
3989
 582
-871
1746
-3214
-4217
 207
-2071
-1433
 744
1607
-1066
 -37
-3995
1971
-4175
-1390
1802
1546
4145
-2184
-1791
 491
-176
4400
-376
-3306
 533
-4892
2440
-2679
-216
-495
-3621
4680
2890
2607
1854
 172
 395
 252
-2138
1350
4329
 366
2642
4976
-1971
3496
4821
-4648
1505
4449
-3895
-1215
-403
2904
-978
-4952
-721
-2035
2558
3864
2240
2935
1423
4341
2705
1171
1210
3626
1762
-1868
 -31
3652
-2276
-3063
-4801
-4920
-2530
  39
2681
-4816
1068
4316
  80
4190
-751
  -1
 556
-2996
-2616
3348
-4209
2442
-2263
-4059
-3157
-4655
4067
1634
-2524
-612
-3337
2174
4047
-445
-2958
4002
-1768
-2171
1238
4208
-763
3710
-2413
-1622
1842
1467
-2535
1359
4439
-4553
-4034
2497
3674
3372
4251
-4517
4615
-1864
-4707
-1561
-1420
-1603
2495
3696
 132
3900
-990
-999
2134
-2019
 830
-3378
 146
 913
-1262
2247
1936
4893
3456
-2208
2583
-2341
-776
2141
-3407
 908
1930
-353
4201
3926
-1001
 800
3552
2333
-3176
 643
-4030
3918
-3251
 503
1400
2915
-4341
-2580
-1150
-3377
  29
2183
-3587
1099
2068
-3894
-790
2944
1447
-117
-704
3651
-3294
-1660
3268
-337
 279
 430
3015
-633
 501
-2716
-4794
1470
-3102
-3978
4431
-4628
2575
1265
 609
-2966
 -58
1832
-4445
-1132
-4619
-2469
1865
-2078
-1383
1122
 234
  34
-3950
-4140
-3323
1014
-926
1657
 389
-3331
3825
-4508
-419
-3865
-2346
 637
-2463
 229
2579
1965
-4939
-3481
  -7
2623
1498
3427
-1222
-863
-1400
-2731
-1287
4321
-3738
3091
4032
-2999
 402
1123
3657
1674
1969
2700
4854
3991
 593
-3525
  53
-1867
4689
4608
2792
-4151
1590
2408
1112
 958
-3804
3968
3510
-881
4142
-758
4954
 394
-761
-3557
-1989
3560
2829
4366
-1700
-2784
  55
-1658
-126
1369
4756
1917
-1832
-2010
-4623
 841
4799
2207
-4921
  24
-3389
-2900
4921
3805
4624
3988
-1469
-3265
-2094
2769
-4228
-4631
-4178
 147
-2233
-4287
1739
  43
-2915
4896
 595
1231
-711
2428
3681
4399
4526
-835
2978
-1340
-4733
3607
 195
-4212
-4224
 317
 -87
 -21
-1964
-708
-4244
-1822
-448
-4273
-341
-526
-4330
1497
-750
2723
2664
3644
-4880
-2227
-2845
-4859
 495
4369
-2736
4879
-204
1286
-135
-3490
-2772
-2706
-157
-1308
2945
-4772
3097
3488
-4138
1157
-1804
3263
 262
1810
-205
2672
-1916
-558
3979
1365
4537
 413
-1991
2055
-1995
 411
1237
4205
 431
2149
-1608
-1671
1849
3360
-752
-892
 416
-2506
2655
3317
-4584
3000
-3983
 780
-820
-1184
-4944
-3220
-3239
1622
-2285
-1897
4092
-1933
4910
-4063
-1523
2268
1247
-1640
-1414
-4590
-4391
 344
-293
 -52
4748
 448
2773
2277
-1207
-2844
 665
1704
 273
3615
-2301
2836
-425
2250
-4641
1010
4865
2126
-1505
3215
 667
1207
-412
4878
-400
4650
-4056
2835
4779
4638
-4524
-1129
3362
1155
-3316
-1789
-350
2764
  81
-3013
-2292
-4246
-2407
4828
3707
1825
-3448
-2362
4783
-1054
-497
 560
-4406
 886
 885
4622
-4375
3407
-2544
-4927
-1434
4577
-2086
3329
 261
3144
4020
-3000
-1380
-3652
-575
 112
 470
-1209
-3359
-4693
-3128
 902
3431
-3219
-703
 157
-3262
 907
3771
-4156
-3649
-3915
4663
-2525
-4926
1033
1362
1190
2864
-2182
-4345
3066
2519
-207
-1681
2990
1178
-2068
-3963
-2769
-2102
 192
 100
 949
  65
 367
-2689
1736
-1226
1970
-1810
 356
-441
-4459
-2116
1983
2464
 857
 -28
-3440
2389
1641
-2104
3414
-2776
-1075
-3532
3856
4309
2005
2360
4773
4524
2822
-1466
-3966
1029
-3201
-4509
1378
-2290
-435
-2545
3239
-707
-2419
4742
1191
-4677
1902
4110
3107
-1149
-693
-4956
  10
-4097
 403
-2766
 167
4804
4802
-553
1724
4761
-668
 686
-3701
-1687
-1318
-950
-3985
-4230
2954
 263
4830
-2475
-1363
-334
-963
1476
4023
2980
-3923
-2440
 571
2355
1689
2580
4690
1790
-4276
1967
-3191
-2661
4758
-4899
-4991
 451
-2592
-3928
-1521
-2066
-2662
-4997
1906
-571
-3737
3218
-1775
-2981
-1458
-3909
 -59
-2680
-155
-3350
4147
 845
 155
1420
-4874
-4960
2992
  19
-3173
-4072
-4216
-589
-4625
-4814
1728
1252
3387
4368
-4190
 393
-512
-989
-1427
2666
-444
2948
-3671
-3196
1755
2884
4820
-513
4539
3944
-3256
-2153
-3768
2733
1222
2230
-3538
4933
2143
1025
 492
-3108
4602
-3237
4401
2212
-4876
-1842
-1953
-2180
-4494
 -38
-3797
-4770
3179
4424
4825
3779
-600
 640
1305
2336
-1855
-1289
 576
1673
-219
2783
-778
-4157
 649
-4687
-2350
4657
-137
1911
-1740
1459
4898
-4013
2688
4275
 121
-2516
3815
-2566
-4448
-4642
1833
1306
2152
 601
3600
3580
-2396
-973
3739
-4560
-769
3860
-3893
1758
-2120
-4484
4706
 494
3100
-3488
2516
1942
1221
-3957
  57
-1080
-2107
1571
-3398
3096
-3215
4256
 290
  68
-1368
-4755
2578
-1613
3082
2048
2565
3071
2663
2198
-1993
2725
2509
2242
 548
-2717
3832
-4856
1066
2412
-1106
-485
 929
 746
4243
4173
2889
-4969
 406
-2111
-2027
-453
-1293
-4965
1726
-2903
1626
-3338
 864
-2090
-1860
3841
4764
3867
2961
 177
 685
-4303
-4060
-2415
-4158
4990
 328
-3657
1677
 742
   7
-4111
2028
1747
3729
-1597
4361
-4720
-731
-2832
4437
-1056
4234
-4637
-4966
-1348
4507
2670
-3675
-2905
-1157
 400
  91
-4261
4459
-1522
3353
 520
-1662
 757
2699
2386
-1952
3134
2809
-4998
1715
1711
4899
-2840
-4818
-753
-3563
1450
1410
4044
1154
3727
2224
-4225
-3429
-3593
-4527
-1272
3526
-2261
-1198
3892
3024
-3662
3838
4746
-4278
-4115
-3513
-2409
-2431
-4981
 876
3965
-4337
4491
 565
-119
1142
3757
-4552
-3228
-2249
-3325
-3562
-4250
4493
-1296
-2617
-3910
-638
-190
 597
 232
-3336
-4137
-4054
-122
-818
-4681
1139
3708
4233
3639
-1567
-1428
3546
-3117
2030
2886
-3808
-780
2674
4659
  -5
1189
-3845
-2974
-112
2484
-241
4226
-3669
 425
4140
4375
-4513
-3866
2746
-3462
 697
-1071
4668
-2072
-4036
-3624
-614
-4289
-4035
 251
-1332
1096
3446
-2497
 439
4797
3976
1303
-247
-3813
4766
1701
4745
-3715
4271
-630
2846
2814
3529
4701
-697
4571
-1404
-1321
-2302
4583
4510
3325
2289
 510
 398
2569
1961
-1369
 887
2027
-1948
-517
 334
1617
-629
-4717
  48
-3295
-3949
-2334
3999
1452
2662
-4760
 789
-1559
 690
3595
4349
1162
 802
-3310
-356
-1472
-2529
-1375
 717
-1230
-3933
-4211
-4249
1381
-1271
2703
1660
 803
-737
2073
2528
 772
-3681
1861
4034
1775
2638
-4538
-4167
 245
-2358
 795
-461
-2742
3177
4418
4144
2109
-2812
-4136
-4790
-2788
2426
-2581
-2696
-2644
1065
-2335
-1395
4415
3035
 818
-4301
-2655
3629
-2653
-4607
-4594
   0
-4040
-3727
-457
2718
-576
3903
1593
3200
4919
4105
-919
-431
-1683
-3145
-3892
-3811
-4135
 936
-4321
 973
 361
1060
-2730
4007
-3568
3172
1277
4667
-692
-4423
-1425
1814
-2264
4625
2559
-4092
-651
4548
-603
-1676
2229
3192
 423
-617
-4064
4754
3272
-4347
1182
-1491
4370
-3981
-4525
-1459
4447
-4185
-2658
4035
-3238
3294
-4548
2673
2956
4515
4238
-2919
2952
-4916
-2321
-2968
-4616
2443
-2313
-1283
2463
1320
 -75
-2594
-4497
-4643
-1456
2478
2520
-2454
1789
-4468
-4632
-3417
-3221
-4210
1752
4561
3010
4477
 418
 695
-178
-2037
-1729
-1350
 682
-1862
-4604
 -15
-3729
1208
2698
3790
3343
3394
-3408
2257
-296
-1247
-3873
-943
1203
-3576
2452
-529
  89
-4113
-805
3812
1522
-2851
1534
4740
-4205
-971
-4176
-2224
-1493
4741
2159
-3716
-1507
-3746
1977
2418
2373
-2783
4405
4081
-4269
-2490
-1173
3675
4966
4810
-684
-3277
2587
1432
-4271
2367
-3853
-4125
2076
-591
2795
-3847
-2477
2972
-226
-1629
 768
-4074
-554
-1733
4974
-4940
-1536
1333
1982
1670
-2140
1653
4276
 -14
 906
2621
2029
-4988
3196
 125
3240
-4131
 197
2630
-2162
1118
-4262
3253
-2554
 989
1920
-1922
-2242
-3423
-2119
-4624
-1344
 202
-1688
-2360
3328
-3622
-3487
1485
 332
-4029
-521
-4066
 303
-3182
-519
-592
-3054
-4475
2913
-1732
4776
-2747
1879
-4472
3874
 471
 794
-3057
2711
-4656
-4732
1975
1648
-3620
1529
4011
  66
 545
1644
-4442
-4150
-4764
4532
1500
2380
-4657
-675
1147
-450
2281
-342
1890
-4877
1730
3256
2877
-4714
-2331
1109
-2815
-2633
-2281
 201
4719
-3178
1531
-3474
2241
 -20
-2091
2979
 301
2873
2071
-2855
-1029
3131
-3144
-299
3912
-199
-3274
-4360
-3614
-1765
-2667
-1137
3128
-2063
-4697
-3494
1870
2816
-3190
-2942
1445
4705
-4606
-4586
-3691
-4426
-2924
-2062
3310
-3003
 -39
-4295
-2703
4204
-1246
4852
-887
-3730
-1343
4213
 775
 969
3467
-4649
-991
-3939
1345
-934
4725
3962
-610
4626
-4323
-3801
3182
 970
4288
1520
1044
2087
 544
-4967
-4410
2958
-3184
-1303
-987
 610
-2560
2701
1028
4993
-4485
-4945
2018
-1084
1195
4345
-1809
-3742
2965
-851
3669
-2197
-3989
-1930
2591
 566
-1083
1857
-964
-382
-2333
-3031
1974
-4441
1507
4117
-4463
-252
2191
-385
-1002
-3856
-2733
-1005
1003
 119
-3162
1282
-2781
2245
4103
-4817
4714
-2332
3754
3244
-1475
-287
3767
4795
-1403
2043
4364
1256
4056
1163
3140
3441
-4280
2744
3853
-3553
3193
1841
2749
2603
4154
2258
3726
 230
  69
-551
-2204
3605
2004
1363
-4275
3460
2950
-4368
-2314
2453
-2809
4027
-1261
-3413
 882
3161
1460
4079
-2065
4997
1826
-3496
-2823
 -70
 873
1818
-2928
1981
 975
-1424
-2907
-886
-1354
-1457
4939
-4404
-3271
1984
4670
2434
-4788
-4413
1427
1684
-743
  88
3814
-2127
1133
4395
4523
2573
-3020
4750
4058
1344
-729
3799
-1869
-4689
 287
-4546
4170
1999
-4556
1598
1788
-3087
3439
-4549
-111
2158
4025
-1188
-1630
4159
-2665
 196
 415
-4769
-338
1341
-802
-3067
-4986
4929
-510
 824
-891
-1542
-1891
-4845
-1726
  75
-447
-1516
-725
-4528
-474
3080
-2226
2574
2080
-2278
1824
-3548
3872
-4889
2129
3914
-2863
1767
-2886
2665
3291
-806
-4852
-4103
-4129
 591
-2496
-2453
-3355
1258
1279
-3527
1672
4813
-344
-1074
-948
 684
 912
1518
-884
-4473
-685
-1949
-2244
-940
2222
-4502
4664
4943
-4765
-2775
-961
-4777
4242
1511
 672
 608
3980
-4421
-4963
2488
4259
-1814
-3521
-335
-4057
-4651
-2570
-2785
-581
-3284
-3757
2717
-3402
 541
-1309
-541
 631
-3712
-4864
-1441
-898
4975
1055
3625
2593
4684
 -99
-196
2905
-4201
1244
2450
 474
3558
-2447
1453
3917
-1504
 987
-4270
1496
2860
-4096
-2355
-4992
1274
-3903
1506
-3150
-2564
-4902
-455
 827
4592
4564
4514
3189
-3595
3714
-1614
-2312
-3906
-4840
4556
3898
4210
-2652
 311
4587
-3466
-4045
4478
-1689
4010
2340
1749
3282
-4893
4868
1360
  96
2530
4554
 326
4343
1120
1075
3428
4222
 388
4591
1742
-1049
-2898
-3032
4665
2025
  35
-3100
1698
-4674
-4740
4890
4713
-1762
 239
-479
-1803
4393
4440
-4355
-3185
4165
-1751
-2620
3457
-458
-3835
-2663
-1435
1829
2501
1707
-4480
-4796
-439
-1872
-3189
-4342
3940
4191
-2987
4060
1125
1165
-3864
1734
-3552
-3655
4628
-3049
1352
  30
-2389
2213
1175
2003
-3296
-2569
3970
-1984
-3948
 611
4949
2634
-2297
-1954
-3628
-1785
-493
-1324
-3631
3249
2424
-3444
3142
4314
-476
-4980
 -88
3143
-3409
-4861
2070
4175
-1766
1973
-1248
-3224
 347
-4434
 318
-1889
-4291
4231
-3754
4486
-2887
4912
-1920
-3503
-1240
-1866
 507
-1090
3643
 994
-1520
4676
-3870
-3222
-3534
-1756
-1736
-3260
-1805
3905
-3828
3927
-3592
-4005
-4711
-1746
4874
-2215
-2135
1105
-652
3731
-543
2650
3227
-2446
-644
3473
3306
-3016
-4297
1026
 877
-1317
  42
-4860
-4252
-4332
1348
-1788
 870
-3709
 861
-1036
2542
4621
-2209
2899
1280
3148
2033
-4659
-2990
-956
1186
-3083
2869
-2790
3053
-3212
-2230
-1713
2255
3564
-120
 214
1278
3236
1631
2106
4731
-4572
-2553
-4782
-1048
-775
1085
2311
1393
4995
-2734
 440
-3111
1353
2225
3582
-2682
-144
4270
4504
-3802
2785
-904
-275
2061
 656
-888
 706
3304
1011
1172
2234
 915
-359
 761
1978
2014
2489
 218
-1526
  -2
2010
3364
-4722
-266
3320
-2817
-3807
-4730
-308
-537
-1695
-4598
2821
-2960
-3383
-1899
4215
-733
3699
1235
4936
2581
2243
-4231
3756
2382
-1026
2456
-680
-2283
-2383
3047
4574
4570
4121
3030
 285
 963
2633
-4917
-3732
-1422
-421
4500
-2911
-300
4390
-1416
-3844
-1415
-1366
2921
-2801
-4936
1515
1042
-2202
-2188
-2889
-2330
-4613
-520
4254
-3540
3169
-660
2217
-3137
-4827
-318
-2146
4497
-4069
 -50
3485
1923
 488
3099
4661
-2394
-4784
-1694
-371
2375
-4780
-4041
1492
 -53
3897
-3106
1355
-1595
-2995
-4098
-3094
4834
4685
-3551
4540
-1659
3720
-4544
2460
1591
-2615
2555
-3761
-274
1076
-3834
4150
-1970
4678
1031
1741
3480
2652
3617
 854
-4422
-4160
-4996
-1929
-2777
 702
2383
 586
3572
-1894
1166
3687
3019
-3005
-2038
-748
4164
 677
-3447
3737
4417
-1483
-4665
-4408
2081
-2117
3321
2171
 749
-2807
 -11
 379
2966
-3546
-1655
-2822
-527
 779
-4577
-4180
-2481
2054
-2601
-2586
1389
-2428
-598
-3874
-594
-2681
-1419
4648
-3379
-524
4003
 264
-923
1088
-4562
-1181
3906
3547
1398
3314
-3823
4127
-3956
3640
-3927
-4824
2286
3545
-4116
-2749
-2941
2498
-2767
   3
-3566
2893
-2470
-2622
1925
1610
4116
4581
-1848
3601
 616
-1255
4563
-1094
-3096
1656
-4608
3852
-4001
4333
1413
-910
-2437
4388
-1566
-2632
3916
-4189
2363
-1829
4694
 799
 291
1023
-2434
4169
3778
-1345
3935
-150
-1496
3792
1248
-3940
-4949
2916
1074
-2861
 721
-2013
 729
-3198
-4482
-1095
3943
-2751
-3871
1444
-2057
1015
1770
-3881
4559
-2509
 493
4967
-2765
-720
-3243
1183
-4551
-1917
-566
4377
-3024
-4699
-2121
-1225
3574
-4923
2238
1737
-3741
4223
1868
-561
-2255
-1364
-4813
-4977
3049
3725
-855
 662
-2289
-2962
 784
4093
4098
2828
1586
-4515
2923
 992
-2780
-663
-2445
-4277
 166
-3339
-1786
-3643
3313
3378
-2677
-1609
-4451
-4233
-3857
-993
-4184
 880
-3926
4241
-1183
4992
 997
2790
-1513
4675
-2052
3219
-186
-492
 405
-1182
4202
-443
-3217
3751
-2498
4645
-3455
 920
4726
3508
-2532
2521
-649
4383
-3123
-1365
-1549
2659
2786
3318
4410
3341
-314
4717
1149
-3205
-3267
1695
4192
-394
-283
4691
1102
2130
1903
 -84
-681
-282
-1748
-303
2102
-2940
-4793
-3613
3199
1881
-1831
 116
-4728
4687
 219
 298
-2955
-843
-2954
1845
-3394
 852
-795
4350
-505
1786
 817
-3526
-3365
-2642
4462
-2203
-2774
-1570
 377
  70
-2217
3680
3847
-4748
4630
 985
-2145
2401
 678
-2669
2346
-2991
 743
1448
-4873
3551
4513
-1391
2692
3269
-2395
3646
-939
4346
2098
4512
2204
-1470
-924
-1534
-3918
-2921
-1715
3129
-3062
1464
2507
3486
2871
1287
-2118
3413
-2505
-2986
 705
 170
-1591
4061
4461
-3114
2799
-2223
 216
-4596
4531
-4460
-2115
1953
-2342
2577
-1290
-3035
-911
-4416
3164
-3130
-4505
 509
-4312
-654
-3043
-1685
-3321
4080
2680
-4639
-169
 823
1382
3044
 922
1018
-569
 815
-3838
-2510
 357
-3511
3612
2345
 650
-1064
3939
4712
-2824
-4104
-674
-2114
-2683
-3370
-1753
-2626
2112
1886
2993
-2811
4930
 933
4833
3816
-2548
3440
-1673
2490
-1147
2960
-3151
-3599
3893
-1573
1094
-2218
-4424
1030
-1319
 549
2015
-159
-1903
1078
-3167
3616
-705
-2144
-339
-773
-3829
 516
-4662
-4581
4318
3468
1436
-1128
 143
4392
 550
3848
1340
2235
3904
2151
-4174
3021
 106
3879
1292
-426
2689
-501
  60
4332
4129
-2430
2762
-1326
-2636
-3136
3791
2051
 599
3374
-3600
4786
2114
3959
-1154
3237
1932
3723
1783
1493
-946
 578
4282
-4910
-4807
2766
-976
4353
1570
3557
-1998
4998
1047
-599
2476
-466
3277
-4865
-3358
 305
2706
-4757
5000
1503
4867
1688
 628
1579
-2729
  61
1016
4666
-2277
2524
2026
4015
3074
-2436
1335
-2856
4886
-1957
2624
-1623
-823
-572
4090
-927
  46
-2161
2332
4197
1619
-1176
-1356